M 1 00cb 002f 1 1 00000000 0 0 0 00000000 0 0
M 2 00c4 0009 1 0 7fc00000 -2491 1 1 00000000 0 0
M 3 008f 00c5 1 0 7fc00000 -540 1 0 00000000 -2491 1
M 4 001b 002a 1 0 7fc00000 6667 1 0 00000000 -3031 1
M 5 001c 00f8 1 1 00000000 1134 1 0 00000000 3636 1
M 6 005b 00b9 1 0 7fc00000 -224 1 1 00000000 4770 1
M 7 0067 00ea 1 0 7fc00000 -6461 1 0 00000000 -224 1
M 8 00e2 0016 1 0 7fc00000 -2266 1 0 00000000 -6685 1
M 9 0000 0000 0 0 7fc00000 -660 1 0 00000000 -8951 1
M 10 0000 0000 0 0 00000000 0 0 0 00000000 -9611 1
M 11 0000 0000 0 0 00000000 0 0 0 00000000 -9611 0
