M 1 3b03 31b6 1 1 00000000 0 0 0 00000000 0 0
M 2 3393 ca33 1 0 3e202c88 -222 1 1 00000000 0 0
M 3 30a9 b194 1 0 c03bd124 -5559 1 0 3e202c88 0 1
M 4 b269 c16a 1 0 bccff5a0 9396 1 0 c031ce5c 0 1
M 5 3fe4 b62d 1 1 3f0ad1e8 11130 1 0 c0336e47 0 1
M 6 43f8 3068 1 0 bf42ec50 -1260 1 1 c010b9cd 0 1
M 7 bd99 3986 1 0 3f0c7300 -832 1 0 bf42ec50 0 1
M 8 48bc c157 1 0 bf7758b0 12566 1 0 be59e540 0 1
M 9 0000 0000 0 0 c1ca3f20 -5916 1 0 bf96e900 0 1
M 10 0000 0000 0 0 00000000 0 0 0 c1d3adb0 0 1
M 11 0000 0000 0 0 00000000 0 0 0 c1d3adb0 0 0
