M 1 0076 0070 1 1 00000000 0 0 0 00000000 0 0
M 2 003d 00a5 1 0 00000000 13216 1 1 00000000 0 0
M 3 0000 0000 0 0 7fc00000 -5551 1 0 00000000 13216 1
M 4 007e 007c 1 0 00000000 0 0 0 00000000 7665 1
M 5 00a9 00e1 1 0 00000000 15624 1 0 00000000 7665 0
M 6 00db 00fb 1 0 7fc00000 2697 1 0 00000000 23289 1
M 7 008a 0093 1 0 7fc00000 185 1 0 00000000 25986 1
M 8 00a3 00b4 1 0 7fc00000 12862 1 0 00000000 26171 1
M 9 002e 00b0 1 0 7fc00000 7068 1 0 00000000 39033 1
M 10 00a7 0067 1 0 7fc00000 -3680 1 0 00000000 46101 1
M 11 002f 00cd 1 0 7fc00000 -9167 1 0 00000000 42421 1
M 12 0000 0000 0 0 7fc00000 -2397 1 0 00000000 33254 1
M 13 00b9 003a 1 0 00000000 0 0 0 00000000 30857 1
M 14 0000 0000 0 0 7fc00000 -4118 1 0 00000000 30857 0
M 15 0000 0000 0 0 00000000 0 0 0 00000000 26739 1
M 16 00cf 00da 1 0 00000000 0 0 0 00000000 26739 0
M 17 0012 00dc 1 1 7fc00000 1862 1 0 00000000 26739 0
M 18 0083 0054 1 0 7fc00000 -648 1 1 00000000 28601 1
M 19 000e 00d9 1 0 7fc00000 -10500 1 0 00000000 -648 1
M 20 0000 0000 0 0 7fc00000 -546 1 0 00000000 -11148 1
M 21 0047 003c 1 0 00000000 0 0 0 00000000 -11694 1
M 22 00b1 0019 1 0 00000000 4260 1 0 00000000 -11694 0
M 23 0097 009a 1 0 7fc00000 -1975 1 0 00000000 -7434 1
M 24 0000 0000 0 0 7fc00000 10710 1 0 00000000 -9409 1
M 25 0014 0087 1 0 00000000 0 0 0 00000000 1301 1
M 26 0000 0000 0 0 7fc00000 -2420 1 0 00000000 1301 0
M 27 0050 0005 1 0 00000000 0 0 0 00000000 -1119 1
M 28 0021 000f 1 0 00000000 400 1 0 00000000 -1119 0
M 29 004a 00b4 1 0 00000000 495 1 0 00000000 -719 1
M 30 0000 0000 0 0 7fc00000 -5624 1 0 00000000 -224 1
M 31 00cc 0074 1 0 00000000 0 0 0 00000000 -5848 1
M 32 0000 0000 0 0 7fc00000 -6032 1 0 00000000 -5848 0
M 33 0066 00da 1 1 00000000 0 0 0 00000000 -11880 1
M 34 0000 0000 0 0 7fc00000 -3876 1 1 00000000 -11880 0
M 35 0000 0000 0 0 00000000 0 0 0 00000000 -3876 1
M 36 0000 0000 0 0 00000000 0 0 0 00000000 -3876 0
M 37 00d3 009b 1 0 00000000 0 0 0 00000000 -3876 0
M 38 004f 00e3 1 0 7fc00000 4545 1 0 00000000 -3876 0
M 39 00f7 00c4 1 0 7fc00000 -2291 1 0 00000000 669 1
M 40 0057 00dc 1 0 7fc00000 540 1 0 00000000 -1622 1
M 41 006e 0086 1 0 7fc00000 -3132 1 0 00000000 -1082 1
M 42 0057 0034 1 0 7fc00000 -13420 1 0 00000000 -4214 1
M 43 0053 0061 1 0 00000000 4524 1 0 00000000 -17634 1
M 44 000a 00c5 1 0 00000000 8051 1 0 00000000 -13110 1
M 45 00fd 0058 1 0 7fc00000 -590 1 0 00000000 -5059 1
M 46 005c 009a 1 0 7fc00000 -264 1 0 00000000 -5649 1
M 47 0000 0000 0 0 7fc00000 -9384 1 0 00000000 -5913 1
M 48 006b 0080 1 0 00000000 0 0 0 00000000 -15297 1
M 49 0029 0084 1 1 7fc00000 -13696 1 0 00000000 -15297 0
M 50 004b 0012 1 0 7fc00000 -5084 1 1 00000000 -28993 1
M 51 00dd 00f0 1 0 00000000 1350 1 0 00000000 -5084 1
M 52 00c0 006e 1 0 7fc00000 560 1 0 00000000 -3734 1
M 53 0000 0000 0 0 7fc00000 -7040 1 0 00000000 -3174 1
M 54 0004 0090 1 0 00000000 0 0 0 00000000 -10214 1
M 55 0080 00a0 1 0 7fc00000 -448 1 0 00000000 -10214 0
M 56 00fe 00b3 1 0 7fc00000 12288 1 0 00000000 -10662 1
M 57 000e 008f 1 0 7fc00000 154 1 0 00000000 1626 1
M 58 00f6 00a2 1 0 7fc00000 -1582 1 0 00000000 1780 1
M 59 0064 0034 1 0 7fc00000 940 1 0 00000000 198 1
M 60 001d 00ea 1 0 00000000 5200 1 0 00000000 1138 1
M 61 0013 0023 1 0 7fc00000 -638 1 0 00000000 6338 1
M 62 0000 0000 0 0 00000000 665 1 0 00000000 5700 1
M 63 00cd 007d 1 0 00000000 0 0 0 00000000 6365 1
M 64 009a 006e 1 0 7fc00000 -6375 1 0 00000000 6365 0
M 65 007a 008f 1 1 7fc00000 -11220 1 0 00000000 -10 1
M 66 00cf 0098 1 0 7fc00000 -13786 1 1 00000000 -11230 1
M 67 0000 0000 0 0 7fc00000 5096 1 0 00000000 -13786 1
M 68 00e3 00ee 1 0 00000000 0 0 0 00000000 -8690 1
M 69 007d 0064 1 0 7fc00000 522 1 0 00000000 -8690 0
M 70 009e 0042 1 0 00000000 12500 1 0 00000000 -8168 1
M 71 0000 0000 0 0 7fc00000 -6468 1 0 00000000 4332 1
M 72 0058 00da 1 0 00000000 0 0 0 00000000 -2136 1
M 73 0071 0003 1 0 7fc00000 -3344 1 0 00000000 -2136 0
M 74 008e 00a7 1 0 00000000 339 1 0 00000000 -5480 1
M 75 0072 00b5 1 0 7fc00000 10146 1 0 00000000 -5141 1
M 76 00dc 0018 1 0 7fc00000 -8550 1 0 00000000 5005 1
M 77 001c 001a 1 0 7fc00000 -864 1 0 00000000 -3545 1
M 78 0071 0060 1 0 00000000 728 1 0 00000000 -4409 1
M 79 00e8 000b 1 0 00000000 10848 1 0 00000000 -3681 1
M 80 00ba 0047 1 0 7fc00000 -264 1 0 00000000 7167 1
M 81 00de 0025 1 1 7fc00000 -4970 1 0 00000000 6903 1
M 82 00db 00d2 1 0 7fc00000 -1258 1 1 00000000 1933 1
M 83 0000 0000 0 0 7fc00000 1702 1 0 00000000 -1258 1
M 84 0000 0000 0 0 00000000 0 0 0 00000000 444 1
M 85 00dd 006b 1 0 00000000 0 0 0 00000000 444 0
M 86 00d6 0054 1 0 7fc00000 -3745 1 0 00000000 444 0
M 87 000a 00ea 1 0 7fc00000 -3528 1 0 00000000 -3301 1
M 88 0076 00d4 1 0 7fc00000 -220 1 0 00000000 -6829 1
M 89 00a6 00be 1 0 7fc00000 -5192 1 0 00000000 -7049 1
M 90 0095 00fb 1 0 7fc00000 5940 1 0 00000000 -12241 1
M 91 0000 0000 0 0 7fc00000 535 1 0 00000000 -6301 1
M 92 0093 009b 1 0 00000000 0 0 0 00000000 -5766 1
M 93 0000 0000 0 0 7fc00000 11009 1 0 00000000 -5766 0
M 94 003d 00d4 1 0 00000000 0 0 0 00000000 5243 1
M 95 00e3 0086 1 0 7fc00000 -2684 1 0 00000000 5243 0
M 96 0016 000c 1 0 7fc00000 3538 1 0 00000000 2559 1
M 97 003e 005b 1 1 00000000 264 1 0 00000000 6097 1
M 98 0069 00f0 1 0 00000000 5642 1 1 00000000 6361 1
M 99 00ae 00e6 1 0 7fc00000 -1680 1 0 00000000 5642 1
M 100 0091 003f 1 0 7fc00000 2132 1 0 00000000 3962 1
M 101 00f3 0081 1 0 7fc00000 -6993 1 0 00000000 6094 1
M 102 0028 00ae 1 0 7fc00000 1651 1 0 00000000 -899 1
M 103 00bd 0002 1 0 7fc00000 -3280 1 0 00000000 752 1
M 104 0015 0040 1 0 7fc00000 -134 1 0 00000000 -2528 1
M 105 00d1 0015 1 0 00000000 1344 1 0 00000000 -2662 1
M 106 005c 00f2 1 0 7fc00000 -987 1 0 00000000 -1318 1
M 107 0000 0000 0 0 7fc00000 -1288 1 0 00000000 -2305 1
M 108 00d2 000c 1 0 00000000 0 0 0 00000000 -3593 1
M 109 0000 0000 0 0 7fc00000 -552 1 0 00000000 -3593 0
M 110 0000 0000 0 0 00000000 0 0 0 00000000 -4145 1
M 111 00f6 0061 1 0 00000000 0 0 0 00000000 -4145 0
M 112 003c 00cd 1 0 7fc00000 -970 1 0 00000000 -4145 0
M 113 0008 0077 1 1 7fc00000 -3060 1 0 00000000 -5115 1
M 114 004a 006e 1 0 00000000 952 1 1 00000000 -8175 1
M 115 00d3 00a5 1 0 00000000 8140 1 0 00000000 952 1
M 116 005e 0060 1 0 7fc00000 4095 1 0 00000000 9092 1
M 117 0000 0000 0 0 00000000 9024 1 0 00000000 13187 1
M 118 0000 0000 0 0 00000000 0 0 0 00000000 22211 1
M 119 009c 00f8 1 0 00000000 0 0 0 00000000 22211 0
M 120 00c4 005d 1 0 7fc00000 800 1 0 00000000 22211 0
M 121 0067 0041 1 0 7fc00000 -5580 1 0 00000000 23011 1
M 122 00b5 002e 1 0 00000000 6695 1 0 00000000 17431 1
M 123 00bb 00d8 1 0 7fc00000 -3450 1 0 00000000 24126 1
M 124 0038 0083 1 0 7fc00000 2760 1 0 00000000 20676 1
M 125 0084 0047 1 0 7fc00000 -7000 1 0 00000000 23436 1
M 126 00e6 0093 1 0 7fc00000 -8804 1 0 00000000 16436 1
M 127 0000 0000 0 0 7fc00000 2834 1 0 00000000 7632 1
M 128 0054 00e7 1 0 00000000 0 0 0 00000000 10466 1
M 129 006a 00c6 1 1 7fc00000 -2100 1 0 00000000 10466 0
M 130 0000 0000 0 0 7fc00000 -6148 1 1 00000000 8366 1
M 131 0079 00fd 1 0 00000000 0 0 0 00000000 -6148 1
M 132 0000 0000 0 0 7fc00000 -363 1 0 00000000 -6148 0
M 133 00c7 00e2 1 0 00000000 0 0 0 00000000 -6511 1
M 134 004c 0010 1 0 7fc00000 1710 1 0 00000000 -6511 0
M 135 0000 0000 0 0 00000000 1216 1 0 00000000 -4801 1
M 136 00bf 00df 1 0 00000000 0 0 0 00000000 -3585 1
M 137 00e3 00f0 1 0 7fc00000 2145 1 0 00000000 -3585 0
M 138 007c 00c2 1 0 7fc00000 464 1 0 00000000 -1440 1
M 139 0036 0048 1 0 7fc00000 -7688 1 0 00000000 -976 1
M 140 00af 001f 1 0 00000000 3888 1 0 00000000 -8664 1
M 141 001d 00bc 1 0 7fc00000 -2511 1 0 00000000 -4776 1
M 142 00a4 004e 1 0 7fc00000 -1972 1 0 00000000 -7287 1
M 143 0011 0016 1 0 7fc00000 -7176 1 0 00000000 -9259 1
M 144 0000 0000 0 0 00000000 374 1 0 00000000 -16435 1
M 145 00de 002f 1 1 00000000 0 0 0 00000000 -16061 1
M 146 00f8 00c0 1 0 7fc00000 -1598 1 1 00000000 -16061 0
M 147 006f 0042 1 0 7fc00000 512 1 0 00000000 -1598 1
M 148 001f 00e2 1 0 00000000 7326 1 0 00000000 -1086 1
M 149 0077 0077 1 0 7fc00000 -930 1 0 00000000 6240 1
M 150 0077 006d 1 0 00000000 14161 1 0 00000000 5310 1
M 151 00af 003b 1 0 00000000 12971 1 0 00000000 19471 1
M 152 0086 007b 1 0 7fc00000 -4779 1 0 00000000 32442 1
M 153 0081 006c 1 0 7fc00000 -15006 1 0 00000000 27663 1
M 154 0090 009b 1 0 7fc00000 -13716 1 0 00000000 12657 1
M 155 0000 0000 0 0 7fc00000 11312 1 0 00000000 -1059 1
M 156 0090 001a 1 0 00000000 0 0 0 00000000 10253 1
M 157 00e7 00a8 1 0 7fc00000 -2912 1 0 00000000 10253 0
M 158 0000 0000 0 0 7fc00000 2200 1 0 00000000 7341 1
M 159 00fe 001e 1 0 00000000 0 0 0 00000000 9541 1
M 160 0000 0000 0 0 7fc00000 -60 1 0 00000000 9541 0
M 161 0049 0056 1 1 00000000 0 0 0 00000000 9481 1
M 162 0080 0071 1 0 00000000 6278 1 1 00000000 9481 0
M 163 0029 00df 1 0 7fc00000 -14464 1 0 00000000 6278 1
M 164 009e 0066 1 0 7fc00000 -1353 1 0 00000000 -8186 1
M 165 0077 00b6 1 0 7fc00000 -9996 1 0 00000000 -9539 1
M 166 0022 00bf 1 0 7fc00000 -8806 1 0 00000000 -19535 1
M 167 006a 0013 1 0 7fc00000 -2210 1 0 00000000 -28341 1
M 168 0001 004e 1 0 00000000 2014 1 0 00000000 -30551 1
M 169 0038 0097 1 0 00000000 78 1 0 00000000 -28537 1
M 170 00c0 00c1 1 0 7fc00000 -5880 1 0 00000000 -28459 1
M 171 005e 004d 1 0 7fc00000 4032 1 0 00000000 -34339 1
M 172 00bd 00cf 1 0 00000000 7238 1 0 00000000 -30307 1
M 173 00c9 0017 1 0 7fc00000 3283 1 0 00000000 -23069 1
M 174 0089 005f 1 0 7fc00000 -1265 1 0 00000000 -19786 1
M 175 00af 00f4 1 0 7fc00000 -11305 1 0 00000000 -21051 1
M 176 00ed 001e 1 0 7fc00000 972 1 0 00000000 -32356 1
M 177 00b2 002d 1 1 7fc00000 -570 1 0 00000000 -31384 1
M 178 004e 0004 1 0 7fc00000 -3510 1 1 00000000 -31954 1
M 179 00d9 0037 1 0 00000000 312 1 0 00000000 -3510 1
M 180 008b 0099 1 0 7fc00000 -2145 1 0 00000000 -3198 1
M 181 00a5 0085 1 0 7fc00000 12051 1 0 00000000 -5343 1
M 182 00ff 005b 1 0 7fc00000 11193 1 0 00000000 6708 1
M 183 00de 00da 1 0 7fc00000 -91 1 0 00000000 17901 1
M 184 000e 0083 1 0 7fc00000 1292 1 0 00000000 17810 1
M 185 001e 00af 1 0 7fc00000 -1750 1 0 00000000 19102 1
M 186 00e5 00ef 1 0 7fc00000 -2430 1 0 00000000 17352 1
M 187 0056 001f 1 0 7fc00000 459 1 0 00000000 14922 1
M 188 0000 0000 0 0 00000000 2666 1 0 00000000 15381 1
M 189 0073 0015 1 0 00000000 0 0 0 00000000 18047 1
M 190 0000 0000 0 0 00000000 2415 1 0 00000000 18047 0
M 191 0026 00ed 1 0 00000000 0 0 0 00000000 20462 1
M 192 006f 0083 1 0 7fc00000 -722 1 0 00000000 20462 0
M 193 0030 006d 1 1 7fc00000 -13875 1 0 00000000 19740 1
M 194 003f 0005 1 0 00000000 5232 1 1 00000000 5865 1
M 195 0054 0044 1 0 00000000 315 1 0 00000000 5232 1
M 196 0000 0000 0 0 00000000 5712 1 0 00000000 5547 1
M 197 00e0 005d 1 0 00000000 0 0 0 00000000 11259 1
M 198 00ca 00d1 1 0 7fc00000 -2976 1 0 00000000 11259 0
M 199 00ea 00aa 1 0 7fc00000 2538 1 0 00000000 8283 1
M 200 00ca 00bc 1 0 7fc00000 1892 1 0 00000000 10821 1
M 201 00e3 00f0 1 0 7fc00000 3672 1 0 00000000 12713 1
M 202 001b 0082 1 0 7fc00000 464 1 0 00000000 16385 1
M 203 0000 0000 0 0 7fc00000 -3402 1 0 00000000 16849 1
M 204 009a 0083 1 0 00000000 0 0 0 00000000 13447 1
M 205 0000 0000 0 0 7fc00000 12750 1 0 00000000 13447 0
M 206 0000 0000 0 0 00000000 0 0 0 00000000 26197 1
M 207 00f0 00ed 1 0 00000000 0 0 0 00000000 26197 0
M 208 0000 0000 0 0 7fc00000 304 1 0 00000000 26197 0
M 209 00fa 00dd 1 1 00000000 0 0 0 00000000 26501 1
M 210 0095 0007 1 0 7fc00000 210 1 1 00000000 26501 0
M 211 0062 00f4 1 0 7fc00000 -749 1 0 00000000 210 1
M 212 00d5 00ba 1 0 7fc00000 -1176 1 0 00000000 -539 1
M 213 0000 0000 0 0 7fc00000 3010 1 0 00000000 -1715 1
M 214 0041 007e 1 0 00000000 0 0 0 00000000 1295 1
M 215 006d 0038 1 0 00000000 8190 1 0 00000000 1295 0
M 216 00e9 00a1 1 0 00000000 6104 1 0 00000000 9485 1
M 217 002c 005a 1 0 7fc00000 2185 1 0 00000000 15589 1
M 218 0000 0000 0 0 00000000 3960 1 0 00000000 17774 1
M 219 003d 0002 1 0 00000000 0 0 0 00000000 21734 1
M 220 007c 00c6 1 0 00000000 122 1 0 00000000 21734 0
M 221 002a 008d 1 0 7fc00000 -7192 1 0 00000000 21856 1
M 222 0000 0000 0 0 7fc00000 -4830 1 0 00000000 14664 1
M 223 0047 00e7 1 0 00000000 0 0 0 00000000 9834 1
M 224 00eb 0063 1 0 7fc00000 -1775 1 0 00000000 9834 0
M 225 0052 0047 1 1 7fc00000 -2079 1 0 00000000 8059 1
M 226 006f 00ed 1 0 00000000 5822 1 1 00000000 5980 1
M 227 0051 0078 1 0 7fc00000 -2109 1 0 00000000 5822 1
M 228 0015 0016 1 0 00000000 9720 1 0 00000000 3713 1
M 229 00df 00cd 1 0 00000000 462 1 0 00000000 13433 1
M 230 0077 0074 1 0 7fc00000 1683 1 0 00000000 13895 1
M 231 00c7 00f3 1 0 00000000 13804 1 0 00000000 15578 1
M 232 0049 005f 1 0 7fc00000 741 1 0 00000000 29382 1
M 233 0042 0005 1 0 00000000 6935 1 0 00000000 30123 1
M 234 0093 0001 1 0 00000000 330 1 0 00000000 37058 1
M 235 0000 0000 0 0 7fc00000 -109 1 0 00000000 37388 1
M 236 0000 0000 0 0 00000000 0 0 0 00000000 37279 1
M 237 0097 0090 1 0 00000000 0 0 0 00000000 37279 0
M 238 00fa 0088 1 0 7fc00000 11760 1 0 00000000 37279 0
M 239 000a 007a 1 0 7fc00000 720 1 0 00000000 49039 1
M 240 0041 0062 1 0 00000000 1220 1 0 00000000 49759 1
M 241 003f 00db 1 1 00000000 6370 1 0 00000000 50979 1
M 242 008a 0092 1 0 7fc00000 -2331 1 1 00000000 57349 1
M 243 00b4 00dc 1 0 7fc00000 12980 1 0 00000000 -2331 1
M 244 0058 001e 1 0 7fc00000 2736 1 0 00000000 10649 1
M 245 00d9 0054 1 0 00000000 2640 1 0 00000000 13385 1
M 246 0093 00de 1 0 7fc00000 -3276 1 0 00000000 16025 1
M 247 0000 0000 0 0 7fc00000 3706 1 0 00000000 12749 1
M 248 00c2 0004 1 0 00000000 0 0 0 00000000 16455 1
M 249 0065 0015 1 0 7fc00000 -248 1 0 00000000 16455 0
M 250 0020 000e 1 0 00000000 2121 1 0 00000000 16207 1
M 251 0047 00a4 1 0 00000000 448 1 0 00000000 18328 1
M 252 0078 0081 1 0 7fc00000 -6532 1 0 00000000 18776 1
M 253 0000 0000 0 0 7fc00000 -15240 1 0 00000000 12244 1
M 254 003e 0034 1 0 00000000 0 0 0 00000000 -2996 1
M 255 0004 00da 1 0 00000000 3224 1 0 00000000 -2996 0
M 256 008b 009b 1 0 7fc00000 -152 1 0 00000000 228 1
M 257 006e 00e4 1 1 7fc00000 11817 1 0 00000000 76 1
M 258 0094 00ef 1 0 7fc00000 -3080 1 1 00000000 11893 1
M 259 0000 0000 0 0 7fc00000 1836 1 0 00000000 -3080 1
M 260 0000 0000 0 0 00000000 0 0 0 00000000 -1244 1
M 261 0095 00ec 1 0 00000000 0 0 0 00000000 -1244 0
M 262 0026 00de 1 0 7fc00000 2140 1 0 00000000 -1244 0
M 263 0049 0076 1 0 7fc00000 -1292 1 0 00000000 896 1
M 264 0008 0011 1 0 00000000 8614 1 0 00000000 -396 1
M 265 003b 00f6 1 0 00000000 136 1 0 00000000 8218 1
M 266 0010 00d2 1 0 7fc00000 -590 1 0 00000000 8354 1
M 267 008c 0007 1 0 7fc00000 -736 1 0 00000000 7764 1
M 268 0000 0000 0 0 7fc00000 -812 1 0 00000000 7028 1
M 269 00c9 007c 1 0 00000000 0 0 0 00000000 6216 1
M 270 0083 00a6 1 0 7fc00000 -6820 1 0 00000000 6216 0
M 271 00b3 00b1 1 0 7fc00000 11250 1 0 00000000 -604 1
M 272 00df 00a1 1 0 7fc00000 6083 1 0 00000000 10646 1
M 273 00e6 0083 1 1 7fc00000 3135 1 0 00000000 16729 1
M 274 0000 0000 0 0 7fc00000 3250 1 1 00000000 19864 1
M 275 00a3 00d2 1 0 00000000 0 0 0 00000000 3250 1
M 276 0094 005c 1 0 7fc00000 4278 1 0 00000000 3250 0
M 277 00f1 0094 1 0 7fc00000 -9936 1 0 00000000 7528 1
M 278 0054 0045 1 0 7fc00000 1620 1 0 00000000 -2408 1
M 279 00c2 00b6 1 0 00000000 5796 1 0 00000000 -788 1
M 280 0070 00e9 1 0 7fc00000 4588 1 0 00000000 5008 1
M 281 0000 0000 0 0 7fc00000 -2576 1 0 00000000 9596 1
M 282 0007 0029 1 0 00000000 0 0 0 00000000 7020 1
M 283 0000 0000 0 0 00000000 287 1 0 00000000 7020 0
M 284 0000 0000 0 0 00000000 0 0 0 00000000 7307 1
M 285 0084 0001 1 0 00000000 0 0 0 00000000 7307 0
M 286 0025 0026 1 0 7fc00000 -124 1 0 00000000 7307 0
M 287 00a4 0030 1 0 00000000 1406 1 0 00000000 7183 1
M 288 0019 000f 1 0 7fc00000 -4416 1 0 00000000 8589 1
M 289 00c5 00bf 1 1 00000000 375 1 0 00000000 4173 1
M 290 00ef 0012 1 0 7fc00000 3835 1 1 00000000 4548 1
M 291 0000 0000 0 0 7fc00000 -306 1 0 00000000 3835 1
M 292 0080 000d 1 0 00000000 0 0 0 00000000 3529 1
M 293 0089 00bb 1 0 7fc00000 -1664 1 0 00000000 3529 0
M 294 00ca 0043 1 0 7fc00000 8211 1 0 00000000 1865 1
M 295 0000 0000 0 0 7fc00000 -3618 1 0 00000000 10076 1
M 296 0077 0016 1 0 00000000 0 0 0 00000000 6458 1
M 297 0000 0000 0 0 00000000 2618 1 0 00000000 6458 0
M 298 0000 0000 0 0 00000000 0 0 0 00000000 9076 1
M 299 0024 0038 1 0 00000000 0 0 0 00000000 9076 0
M 300 0018 0040 1 0 00000000 2016 1 0 00000000 9076 0
M 301 0001 00c9 1 0 00000000 1536 1 0 00000000 11092 1
M 302 00fa 004f 1 0 7fc00000 -55 1 0 00000000 12628 1
M 303 00b4 0031 1 0 7fc00000 -474 1 0 00000000 12573 1
M 304 00de 0065 1 0 7fc00000 -3724 1 0 00000000 12099 1
M 305 0059 00ae 1 1 7fc00000 -3434 1 0 00000000 8375 1
M 306 008e 0028 1 0 7fc00000 -7298 1 1 00000000 4941 1
M 307 0000 0000 0 0 7fc00000 -4560 1 0 00000000 -7298 1
M 308 0010 00a7 1 0 00000000 0 0 0 00000000 -11858 1
M 309 00f4 0046 1 0 7fc00000 -1424 1 0 00000000 -11858 0
M 310 0000 0000 0 0 7fc00000 -840 1 0 00000000 -13282 1
M 311 0018 002b 1 0 00000000 0 0 0 00000000 -14122 1
M 312 00f6 0041 1 0 00000000 1032 1 0 00000000 -14122 0
M 313 0072 0078 1 0 7fc00000 -650 1 0 00000000 -13090 1
M 314 0096 0099 1 0 00000000 13680 1 0 00000000 -13740 1
M 315 0055 00b5 1 0 7fc00000 10918 1 0 00000000 -60 1
M 316 00af 0087 1 0 7fc00000 -6375 1 0 00000000 10858 1
M 317 0011 0021 1 0 7fc00000 9801 1 0 00000000 4483 1
M 318 0058 008f 1 0 00000000 561 1 0 00000000 14284 1
M 319 00b4 00fa 1 0 7fc00000 -9944 1 0 00000000 14845 1
M 320 0000 0000 0 0 7fc00000 456 1 0 00000000 4901 1
M 321 00c5 00a2 1 1 00000000 0 0 0 00000000 5357 1
M 322 006b 00d1 1 0 7fc00000 5546 1 1 00000000 5357 0
M 323 0029 00e8 1 0 7fc00000 -5029 1 0 00000000 5546 1
M 324 00bc 0090 1 0 7fc00000 -984 1 0 00000000 517 1
M 325 0000 0000 0 0 7fc00000 7616 1 0 00000000 -467 1
M 326 0090 0027 1 0 00000000 0 0 0 00000000 7149 1
M 327 00f7 00b4 1 0 7fc00000 -4368 1 0 00000000 7149 0
M 328 003b 004e 1 0 7fc00000 684 1 0 00000000 2781 1
M 329 0000 0000 0 0 00000000 4602 1 0 00000000 3465 1
M 330 00b1 0029 1 0 00000000 0 0 0 00000000 8067 1
M 331 0000 0000 0 0 7fc00000 -3239 1 0 00000000 8067 0
M 332 0020 0055 1 0 00000000 0 0 0 00000000 4828 1
M 333 0068 0015 1 0 00000000 2720 1 0 00000000 4828 0
M 334 0000 0000 0 0 00000000 2184 1 0 00000000 7548 1
M 335 0000 0000 0 0 00000000 0 0 0 00000000 9732 1
M 336 0011 00a6 1 0 00000000 0 0 0 00000000 9732 0
M 337 002c 008a 1 1 7fc00000 -1530 1 0 00000000 9732 0
M 338 0082 0078 1 0 7fc00000 -5192 1 1 00000000 8202 1
M 339 00eb 00b6 1 0 7fc00000 -15120 1 0 00000000 -5192 1
M 340 0000 0000 0 0 7fc00000 1554 1 0 00000000 -20312 1
M 341 0000 0000 0 0 00000000 0 0 0 00000000 -18758 1
M 342 0000 0000 0 0 00000000 0 0 0 00000000 -18758 0
M 343 0021 0037 1 0 00000000 0 0 0 00000000 -18758 0
M 344 0000 0000 0 0 00000000 1815 1 0 00000000 -18758 0
M 345 000a 0062 1 0 00000000 0 0 0 00000000 -16943 1
M 346 00ad 006b 1 0 00000000 980 1 0 00000000 -16943 0
M 347 0000 0000 0 0 7fc00000 -8881 1 0 00000000 -15963 1
M 348 007c 00d5 1 0 00000000 0 0 0 00000000 -24844 1
M 349 00ae 00b1 1 0 7fc00000 -5332 1 0 00000000 -24844 0
M 350 0000 0018 1 0 7fc00000 6478 1 0 00000000 -30176 1
M 351 003d 00b3 1 0 00000000 0 1 0 00000000 -23698 1
M 352 005c 00ec 1 0 7fc00000 -4697 1 0 00000000 -23698 1
M 353 0054 00fd 1 1 7fc00000 -1840 1 0 00000000 -28395 1
M 354 0000 0000 0 0 7fc00000 -252 1 1 00000000 -30235 1
M 355 00cd 005a 1 0 00000000 0 0 0 00000000 -252 1
M 356 0072 00d6 1 0 7fc00000 -4590 1 0 00000000 -252 0
M 357 0063 0013 1 0 7fc00000 -4788 1 0 00000000 -4842 1
M 358 00a2 00a7 1 0 00000000 1881 1 0 00000000 -9630 1
M 359 00b5 00d8 1 0 7fc00000 8366 1 0 00000000 -7749 1
M 360 0099 00a7 1 0 7fc00000 3000 1 0 00000000 617 1
M 361 00e4 00e3 1 0 7fc00000 9167 1 0 00000000 3617 1
M 362 00f2 00f6 1 0 7fc00000 812 1 0 00000000 12784 1
M 363 00e8 00c4 1 0 7fc00000 140 1 0 00000000 13596 1
M 364 009a 00c8 1 0 7fc00000 1440 1 0 00000000 13736 1
M 365 001a 0060 1 0 7fc00000 5712 1 0 00000000 15176 1
M 366 00da 00fa 1 0 00000000 2496 1 0 00000000 20888 1
M 367 0071 0081 1 0 7fc00000 228 1 0 00000000 23384 1
M 368 00dc 0009 1 0 7fc00000 -14351 1 0 00000000 23612 1
M 369 00e6 007e 1 1 7fc00000 -324 1 0 00000000 9261 1
M 370 0000 0000 0 0 7fc00000 -3276 1 1 00000000 8937 1
M 371 0000 0000 0 0 00000000 0 0 0 00000000 -3276 1
M 372 0000 0000 0 0 00000000 0 0 0 00000000 -3276 0
M 373 0095 0020 1 0 00000000 0 0 0 00000000 -3276 0
M 374 0000 0000 0 0 7fc00000 -3424 1 0 00000000 -3276 0
M 375 004f 00d9 1 0 00000000 0 0 0 00000000 -6700 1
M 376 0000 0000 0 0 7fc00000 -3081 1 0 00000000 -6700 0
M 377 0039 00c6 1 0 00000000 0 0 0 00000000 -9781 1
M 378 00f2 0025 1 0 7fc00000 -3306 1 0 00000000 -9781 0
M 379 00c8 00df 1 0 7fc00000 -518 1 0 00000000 -13087 1
M 380 00d9 0087 1 0 7fc00000 1848 1 0 00000000 -13605 1
M 381 00a2 00d3 1 0 7fc00000 4719 1 0 00000000 -11757 1
M 382 008f 0089 1 0 7fc00000 4230 1 0 00000000 -7038 1
M 383 003f 004c 1 0 7fc00000 13447 1 0 00000000 -2808 1
M 384 0052 008f 1 0 00000000 4788 1 0 00000000 10639 1
M 385 00fc 0086 1 1 7fc00000 -9266 1 0 00000000 15427 1
M 386 0085 000b 1 0 7fc00000 488 1 1 00000000 6161 1
M 387 0095 0090 1 0 7fc00000 -1353 1 0 00000000 488 1
M 388 005e 0088 1 0 7fc00000 11984 1 0 00000000 -865 1
M 389 002f 00dd 1 0 7fc00000 -11280 1 0 00000000 11119 1
M 390 0005 007a 1 0 7fc00000 -1645 1 0 00000000 -161 1
M 391 0000 0000 0 0 00000000 610 1 0 00000000 -1806 1
M 392 00d6 0060 1 0 00000000 0 0 0 00000000 -1196 1
M 393 0000 0000 0 0 7fc00000 -4032 1 0 00000000 -1196 0
M 394 0000 0000 0 0 00000000 0 0 0 00000000 -5228 1
M 395 002f 00bc 1 0 00000000 0 0 0 00000000 -5228 0
M 396 00a8 00e4 1 0 7fc00000 -3196 1 0 00000000 -5228 0
M 397 00a1 0030 1 0 7fc00000 2464 1 0 00000000 -8424 1
M 398 001b 007f 1 0 7fc00000 -4560 1 0 00000000 -5960 1
M 399 0080 008c 1 0 00000000 3429 1 0 00000000 -10520 1
M 400 00d5 00b0 1 0 7fc00000 14848 1 0 00000000 -7091 1
M 401 0000 0000 0 0 7fc00000 3440 1 0 00000000 7757 1
M 402 0000 0000 0 0 00000000 0 0 0 00000000 11197 1
M 403 0000 0000 0 0 00000000 0 0 0 00000000 11197 0
