P 1 0 20 0 0 0 0 0 0 0 0 0 0 0 0 0 0 0
P 2 0 20 20 0 0 20 0 0 0 0 0 0 0 0 0 0 0
P 3 0 28 17 -5 0 20 20 0 0 12 0 0 0 0 0 0 0
P 4 0 19 21 4 -20 16 21 -5 0 12 12 0 0 12 0 0 0
P 5 0 19 9 8 -14 7 19 -8 -20 8 12 -3 0 12 12 0 0
P 6 0 19 9 23 -4 7 7 -10 -22 -7 10 -3 -12 20 14 -3 0
P 7 0 19 9 23 5 7 7 5 -27 -7 -10 -5 -12 8 18 -9 -12
P 8 0 19 9 23 5 7 7 5 -18 -7 -10 20 -17 8 2 -5 -16
P 9 0 19 9 23 5 7 7 5 -18 -7 -10 20 -2 8 2 15 -6
P 10 1 19 9 23 5 7 7 5 -18 -7 -10 20 -2 8 2 15 6
P 11 0 19 9 23 5 7 7 5 -18 -7 -10 20 -2 8 2 15 6
P 12 0 19 9 23 5 7 7 5 -18 -7 -10 20 -2 8 2 15 6
P 13 0 19 9 23 5 7 7 5 -18 -7 -10 20 -2 8 2 15 6
P 14 0 19 9 23 5 7 7 5 -18 -7 -10 20 -2 8 2 15 6
