P 1 0 2380 0 0 0 0 0 0 0 0 0 0 0 0 0 0 0
P 2 0 4606 -860 0 0 -5474 0 0 0 0 0 0 0 0 0 0 0
P 3 0 -1600 1828 -920 0 -8283 1978 0 0 -14161 0 0 0 0 0 0 0
P 4 0 -2925 5894 2860 1600 -14489 -1414 2116 0 -19408 5117 0 0 10948 0 0 0
P 5 0 -2925 8769 9173 3364 -11309 2652 -2654 -3680 -15116 -1219 5474 0 5754 -3956 0 0
P 6 0 2685 8769 10823 -274 -11429 -4248 3659 -5906 -11936 -4031 -3436 -9520 5638 -10228 -4232 0
P 7 0 2361 9432 10823 826 -3509 -2208 -301 -9544 -12164 -10931 -7802 -13678 4313 -10152 -13052 7360
P 8 0 2361 7083 10976 826 -3593 -1272 -1261 -12184 -10734 -7055 -11762 -11162 4235 -7277 -12934 3244
P 9 0 2361 7083 10760 2866 -3593 -1881 -1045 -16704 -11250 -6886 -13586 -13802 -5335 -5951 -11284 3176
P 10 0 2361 7083 10760 247 -3593 -1881 -1101 -13824 -11250 -10627 -13547 -22390 -6295 -7082 -11908 4276
P 11 0 2361 7083 10760 247 -3593 -1881 -1101 -14503 -11250 -10627 -13891 -21870 -6295 -14042 -12169 1338
P 12 0 2361 7083 10760 247 -3593 -1881 -1101 -14503 -11250 -10627 -13891 -26041 -6295 -14042 -12809 -2142
P 13 1 2361 7083 10760 247 -3593 -1881 -1101 -14503 -11250 -10627 -13891 -26041 -6295 -14042 -12809 -9902
P 14 0 2361 7083 10760 247 -3593 -1881 -1101 -14503 -11250 -10627 -13891 -26041 -6295 -14042 -12809 -9902
P 15 0 2361 7083 10760 247 -3593 -1881 -1101 -14503 -11250 -10627 -13891 -26041 -6295 -14042 -12809 -9902
P 16 0 2361 7083 10760 247 -3593 -1881 -1101 -14503 -11250 -10627 -13891 -26041 -6295 -14042 -12809 -9902
P 17 0 2361 7083 10760 247 -3593 -1881 -1101 -14503 -11250 -10627 -13891 -26041 -6295 -14042 -12809 -9902
